[gd_scene load_steps=11 format=3 uid="uid://ckaeebxcubu2d"]

[ext_resource type="PackedScene" uid="uid://do2t8wbyaa1un" path="res://scenes/Niveles/base.tscn" id="1_5o4tl"]
[ext_resource type="PackedScene" uid="uid://dca7kpaknod76" path="res://scenes/nenufar.tscn" id="2_rh8jk"]
[ext_resource type="PackedScene" uid="uid://r34msbwjx7mk" path="res://scenes/Elements/game_zone.tscn" id="3_phdxt"]
[ext_resource type="PackedScene" uid="uid://bmfs34hxnxftt" path="res://scenes/plataformaComienzo.tscn" id="4_w48dw"]
[ext_resource type="PackedScene" uid="uid://cupqee0xr6x0a" path="res://scenes/Elements/Canicas/canica.tscn" id="5_u7r8h"]

[sub_resource type="CylinderMesh" id="CylinderMesh_xfq6q"]
top_radius = 2.5
bottom_radius = 2.7
height = 1.0
radial_segments = 40
rings = 1

[sub_resource type="CylinderShape3D" id="CylinderShape3D_amy4c"]
height = 1.0
radius = 2.5

[sub_resource type="CylinderShape3D" id="CylinderShape3D_aev5r"]
height = 0.5
radius = 2.5

[sub_resource type="BoxShape3D" id="BoxShape3D_icpdw"]
resource_local_to_scene = true
size = Vector3(0.0720215, 0.865311, 1.46164)

[sub_resource type="CylinderShape3D" id="CylinderShape3D_l7n3j"]
resource_local_to_scene = true
height = 1.0
radius = 0.05

[node name="SceneBase" instance=ExtResource("1_5o4tl")]
puntuacion_minima_victoria = 100

[node name="XROrigin3D" parent="." index="0"]
transform = Transform3D(1, 0, 0, 0, 1, 0, 0, 0, 1, 0, 0.5, 4.72305)

[node name="nenufar" parent="fondo/Nenufares" index="0"]
transform = Transform3D(-0.0992049, 0, -0.490059, 0, 0.5, 0, 0.490059, 0, -0.0992049, -5.51501, -0.321768, 0.388821)

[node name="nenufar5" parent="fondo/Nenufares" index="1" instance=ExtResource("2_rh8jk")]
transform = Transform3D(0.441911, 0, -0.233911, 0, 0.5, 0, 0.233911, 0, 0.441911, -9.32481, -0.321768, -8.81767)

[node name="nenufar4" parent="fondo/Nenufares" index="2" instance=ExtResource("2_rh8jk")]
transform = Transform3D(0.32491, 0, -0.380044, 0, 0.5, 0, 0.380044, 0, 0.32491, -7.88722, -0.321768, 5.6236)

[node name="nenufar2" parent="fondo/Nenufares" index="3"]
transform = Transform3D(0.427848, 0, 0.42065, 0, 0.6, 0, -0.42065, 0, 0.427848, 1.71983, -0.347337, -11.0865)

[node name="nenufar3" parent="fondo/Nenufares" index="4"]
transform = Transform3D(0.897736, 0, 0.440535, 0, 1, 0, -0.440535, 0, 0.897736, 7.73183, -0.30385, -0.23818)

[node name="Plataforma" type="Node3D" parent="." index="2"]
transform = Transform3D(1, 0, 0, 0, 1, 0, 0, 0, 1, 0, 0, -4.12439)

[node name="tablero" type="StaticBody3D" parent="Plataforma" index="0"]
transform = Transform3D(1, 0, 0, 0, 1, 0, 0, 0, 1, 0, -0.286141, -4.34081)

[node name="MeshInstance3D" type="MeshInstance3D" parent="Plataforma/tablero" index="0"]
mesh = SubResource("CylinderMesh_xfq6q")

[node name="CollisionShape3D" type="CollisionShape3D" parent="Plataforma/tablero" index="1"]
shape = SubResource("CylinderShape3D_amy4c")

[node name="GameZone" parent="Plataforma/tablero" index="2" instance=ExtResource("3_phdxt")]
transform = Transform3D(1, 0, 0, 0, 1, 0, 0, 0, 1, 0, 0.752386, 0)

[node name="CollisionShape3D" type="CollisionShape3D" parent="Plataforma/tablero/GameZone" index="0"]
shape = SubResource("CylinderShape3D_aev5r")

[node name="CSGBox3D" type="CSGBox3D" parent="Plataforma/tablero" index="3"]
transform = Transform3D(1, 0, 0, 0, 0.994439, 0.10531, 0, -0.10531, 0.994439, 0, -0.34, 3.806)
use_collision = true
size = Vector3(2, 2, 3)

[node name="CSGBox3D4" type="CSGBox3D" parent="Plataforma/tablero" index="4"]
transform = Transform3D(0.959427, -0.0296927, 0.280388, -5.71361e-09, 0.99444, 0.10531, -0.281956, -0.101037, 0.954092, 1.46795, 0.737199, 5.78334)
use_collision = true
size = Vector3(0.5, 1, 2)

[node name="CSGBox3D5" type="CSGBox3D" parent="Plataforma/tablero" index="5"]
transform = Transform3D(0.959314, 0.0295127, -0.280795, 0, 0.994522, 0.104528, 0.282341, -0.100276, 0.954059, -1.46611, 0.737199, 5.78334)
use_collision = true
size = Vector3(0.5, 1, 2)

[node name="CSGBox3D3" type="CSGBox3D" parent="Plataforma/tablero" index="6"]
transform = Transform3D(1, 0, 0, 0, 0.994151, 0.107999, 0, -0.107999, 0.994151, 0, -0.043, 6.533)
use_collision = true
size = Vector3(3, 2, 3)

[node name="CSGBox3D2" type="CSGBox3D" parent="Plataforma/tablero" index="7"]
transform = Transform3D(1, 0, 0, 0, 0.993228, -0.116185, 0, 0.116185, 0.993228, 0, -0.053, 9.288)
use_collision = true
size = Vector3(3, 2, 3)

[node name="comienzo" parent="Plataforma" index="1" instance=ExtResource("4_w48dw")]
transform = Transform3D(1, 0, 0, 0, 1, 0, 0, 0, 1, 0, 0, 8.17777)

[node name="NextLevelButton" parent="Plataforma/comienzo/cartel" index="3"]
visible = true

[node name="Label3D" parent="Plataforma/comienzo/cartelinstrucciones/MeshInstance3D/MeshInstance3D" index="0"]
transform = Transform3D(1, 0, -1.06581e-14, 0, 1, -1.55431e-15, -3.90799e-14, 2.22045e-16, 0.999999, 0.00185585, 0.0413022, 0.0015204)
text = "Take a ball from the chest 🠋
🠈 and throw it al the game ball(s)
to make them fall from the platform

Check the score 🠊 to see if
you can go to the next level

If you get out of balls press the red button"

[node name="CollisionShapeCartel" parent="Plataforma/comienzo/cartelinstrucciones" index="1"]
shape = SubResource("BoxShape3D_icpdw")

[node name="CollisionShapePalo" parent="Plataforma/comienzo/cartelinstrucciones" index="2"]
shape = SubResource("CylinderShape3D_l7n3j")

[node name="CollisionShapeCartel" parent="Plataforma/comienzo/cartelcreditos" index="2"]
shape = SubResource("BoxShape3D_icpdw")

[node name="CollisionShapePalo" parent="Plataforma/comienzo/cartelcreditos" index="3"]
shape = SubResource("CylinderShape3D_l7n3j")

[node name="canica3" parent="." index="5" instance=ExtResource("5_u7r8h")]
transform = Transform3D(0.998621, 0.0524928, 0, -0.0524928, 0.998621, 0, 0, 0, 1, 1.52326, 0.781817, -8.52703)
puntuacion = 30
tamanoradio = 0.25
color = Color(1, 0.539935, 0.315659, 1)

[node name="canica" parent="." index="6" instance=ExtResource("5_u7r8h")]
transform = Transform3D(0.998621, 0.0524928, 0, -0.0524928, 0.998621, 0, 0, 0, 1, 0.598423, 0.920446, -6.81496)
puntuacion = 10
tamanoradio = 0.4
color = Color(1.92523e-06, 0.460543, 0.664366, 1)

[node name="canica2" parent="." index="7" instance=ExtResource("5_u7r8h")]
transform = Transform3D(0.99895, 0.0457989, 0, -0.0457989, 0.99895, 0, 0, 0, 1, -1.11776, 0.604475, -7.34622)
puntuacion = 55
tamanoradio = 0.1
color = Color(0.926419, 0, 0.300578, 1)

[node name="canica4" parent="." index="8" instance=ExtResource("5_u7r8h")]
transform = Transform3D(0.998621, 0.0524928, 0, -0.0524928, 0.998621, 0, 0, 0, 1, -0.842209, 0.762778, -9.53628)
tamanoradio = 0.3

[node name="canica5" parent="." index="9" instance=ExtResource("5_u7r8h")]
transform = Transform3D(1, 0, 0, 0, 1, 0, 0, 0, 1, 0.365317, 0.65, -9.27647)
puntuacion = 45
tamanoradio = 0.15
color = Color(0.489448, 0.43854, 0.853122, 1)

[editable path="Plataforma/comienzo"]
