[gd_scene load_steps=18 format=3 uid="uid://ckaeebxcubu2d"]

[ext_resource type="PackedScene" uid="uid://do2t8wbyaa1un" path="res://scenes/Niveles/base.tscn" id="1_5o4tl"]
[ext_resource type="PackedScene" uid="uid://dca7kpaknod76" path="res://scenes/nenufar.tscn" id="2_rh8jk"]
[ext_resource type="PackedScene" uid="uid://r34msbwjx7mk" path="res://scenes/Elements/game_zone.tscn" id="3_phdxt"]
[ext_resource type="PackedScene" uid="uid://bmfs34hxnxftt" path="res://scenes/plataformaComienzo.tscn" id="4_w48dw"]
[ext_resource type="PackedScene" uid="uid://cupqee0xr6x0a" path="res://scenes/Elements/Canicas/canica.tscn" id="5_u7r8h"]

[sub_resource type="BoxMesh" id="BoxMesh_6p88q"]
size = Vector3(2, 1, 5.5)

[sub_resource type="BoxMesh" id="BoxMesh_3xf8d"]
size = Vector3(3, 1, 4)

[sub_resource type="BoxShape3D" id="BoxShape3D_ychyp"]
size = Vector3(3, 1, 4)

[sub_resource type="BoxShape3D" id="BoxShape3D_2nqsg"]
size = Vector3(2.00684, 1, 5.52161)

[sub_resource type="BoxMesh" id="BoxMesh_ykkto"]
size = Vector3(0.5, 3, 6)

[sub_resource type="BoxShape3D" id="BoxShape3D_rjani"]
size = Vector3(0.5, 3, 6)

[sub_resource type="BoxShape3D" id="BoxShape3D_ovpxk"]
size = Vector3(2, 1, 5.5)

[sub_resource type="CylinderMesh" id="CylinderMesh_xfq6q"]
top_radius = 2.5
bottom_radius = 2.7
height = 1.0
radial_segments = 40
rings = 1

[sub_resource type="CylinderShape3D" id="CylinderShape3D_amy4c"]
height = 1.0
radius = 2.5

[sub_resource type="CylinderShape3D" id="CylinderShape3D_aev5r"]
height = 0.5
radius = 2.5

[sub_resource type="BoxShape3D" id="BoxShape3D_icpdw"]
resource_local_to_scene = true
size = Vector3(0.0720215, 0.865311, 1.46164)

[sub_resource type="CylinderShape3D" id="CylinderShape3D_l7n3j"]
resource_local_to_scene = true
height = 1.0
radius = 0.05

[node name="SceneBase" instance=ExtResource("1_5o4tl")]

[node name="XROrigin3D" parent="." index="0"]
transform = Transform3D(1, 0, 0, 0, 1, 0, 0, 0, 1, 0, 0.5, 4.72305)

[node name="nenufar" parent="fondo/Nenufares" index="0"]
transform = Transform3D(-0.0992049, 0, -0.490059, 0, 0.5, 0, 0.490059, 0, -0.0992049, -5.51501, -0.321768, 0.388821)

[node name="nenufar5" parent="fondo/Nenufares" index="1" instance=ExtResource("2_rh8jk")]
transform = Transform3D(0.441911, 0, -0.233911, 0, 0.5, 0, 0.233911, 0, 0.441911, -9.32481, -0.321768, -8.81767)

[node name="nenufar4" parent="fondo/Nenufares" index="2" instance=ExtResource("2_rh8jk")]
transform = Transform3D(0.32491, 0, -0.380044, 0, 0.5, 0, 0.380044, 0, 0.32491, -7.88722, -0.321768, 5.6236)

[node name="nenufar2" parent="fondo/Nenufares" index="3"]
transform = Transform3D(0.427848, 0, 0.42065, 0, 0.6, 0, -0.42065, 0, 0.427848, 1.71983, -0.347337, -11.0865)

[node name="nenufar3" parent="fondo/Nenufares" index="4"]
transform = Transform3D(0.897736, 0, 0.440535, 0, 1, 0, -0.440535, 0, 0.897736, 7.73183, -0.30385, -0.23818)

[node name="Plataforma" type="Node3D" parent="." index="2"]
transform = Transform3D(1, 0, 0, 0, 1, 0, 0, 0, 1, 0, 0, -4.12439)

[node name="camino" type="StaticBody3D" parent="Plataforma" index="0"]
transform = Transform3D(1, 0, 0, 0, 1, 0, 0, 0, 1, 0, 0, 4.9852)

[node name="MeshInstance3D" type="MeshInstance3D" parent="Plataforma/camino" index="0"]
transform = Transform3D(0.869495, 0, -0.493942, 0, 1, 0, 0.493942, 0, 0.869495, 2.29626, 0, -0.937598)
mesh = SubResource("BoxMesh_6p88q")

[node name="MeshInstance3D4" type="MeshInstance3D" parent="Plataforma/camino" index="1"]
transform = Transform3D(0.980604, 0, -0.195998, 0, 1, 0, 0.195998, 0, 0.980604, -1.08185, 0, -5.87909)
mesh = SubResource("BoxMesh_3xf8d")

[node name="CollisionShape3D4" type="CollisionShape3D" parent="Plataforma/camino" index="2"]
transform = Transform3D(0.980604, 0, -0.195998, 0, 1, 0, 0.195998, 0, 0.980604, -1.07834, 0, -5.87733)
shape = SubResource("BoxShape3D_ychyp")

[node name="CollisionShape3D" type="CollisionShape3D" parent="Plataforma/camino" index="3"]
transform = Transform3D(0.869495, 0, -0.493942, 0, 1, 0, 0.493942, 0, 0.869495, 2.29374, 0, -0.940082)
shape = SubResource("BoxShape3D_2nqsg")

[node name="MeshInstance3D3" type="MeshInstance3D" parent="Plataforma/camino" index="4"]
transform = Transform3D(0.926489, 0, 0.376321, 0, 1, 0, -0.376321, 0, 0.926489, 3.19862, 0, -5.52706)
mesh = SubResource("BoxMesh_ykkto")

[node name="CollisionShape3D2" type="CollisionShape3D" parent="Plataforma/camino" index="5"]
transform = Transform3D(0.926489, 0, 0.376321, 0, 1, 0, -0.376321, 0, 0.926489, 3.20501, -0.0111084, -5.54092)
shape = SubResource("BoxShape3D_rjani")

[node name="MeshInstance3D2" type="MeshInstance3D" parent="Plataforma/camino" index="6"]
transform = Transform3D(0.92811, 0, 0.372308, 0, 1, 0, -0.372308, 0, 0.92811, 2.21155, 0, -5.3278)
mesh = SubResource("BoxMesh_6p88q")

[node name="CollisionShape3D3" type="CollisionShape3D" parent="Plataforma/camino" index="7"]
transform = Transform3D(0.92811, 0, 0.372308, 0, 1, 0, -0.372308, 0, 0.92811, 2.20177, 0, -5.33414)
shape = SubResource("BoxShape3D_ovpxk")

[node name="tablero" type="StaticBody3D" parent="Plataforma" index="1"]
transform = Transform3D(1, 0, 0, 0, 1, 0, 0, 0, 1, 0, 0, -4.34081)

[node name="MeshInstance3D" type="MeshInstance3D" parent="Plataforma/tablero" index="0"]
mesh = SubResource("CylinderMesh_xfq6q")

[node name="CollisionShape3D" type="CollisionShape3D" parent="Plataforma/tablero" index="1"]
shape = SubResource("CylinderShape3D_amy4c")

[node name="GameZone" parent="Plataforma/tablero" index="2" instance=ExtResource("3_phdxt")]
transform = Transform3D(1, 0, 0, 0, 1, 0, 0, 0, 1, 0, 0.752386, 0)

[node name="CollisionShape3D" type="CollisionShape3D" parent="Plataforma/tablero/GameZone" index="0"]
shape = SubResource("CylinderShape3D_aev5r")

[node name="comienzo" parent="Plataforma" index="2" instance=ExtResource("4_w48dw")]
transform = Transform3D(1, 0, 0, 0, 1, 0, 0, 0, 1, 0, 0, 8.17777)

[node name="CollisionShapeCartel" parent="Plataforma/comienzo/cartelinstrucciones" index="1"]
shape = SubResource("BoxShape3D_icpdw")

[node name="CollisionShapePalo" parent="Plataforma/comienzo/cartelinstrucciones" index="2"]
shape = SubResource("CylinderShape3D_l7n3j")

[node name="CollisionShapeCartel" parent="Plataforma/comienzo/cartelcreditos" index="2"]
shape = SubResource("BoxShape3D_icpdw")

[node name="CollisionShapePalo" parent="Plataforma/comienzo/cartelcreditos" index="3"]
shape = SubResource("CylinderShape3D_l7n3j")

[node name="canica3" parent="." index="5" instance=ExtResource("5_u7r8h")]
transform = Transform3D(0.998621, 0.0524928, 0, -0.0524928, 0.998621, 0, 0, 0, 1, 1.99122, 0.781817, -8.52703)
puntuacion = 50
tamanoradio = 0.25

[node name="canica" parent="." index="6" instance=ExtResource("5_u7r8h")]
transform = Transform3D(0.998621, 0.0524928, 0, -0.0524928, 0.998621, 0, 0, 0, 1, 1.1742, 0.920446, -7.6458)
puntuacion = 10
tamanoradio = 0.4

[node name="canica2" parent="." index="7" instance=ExtResource("5_u7r8h")]
transform = Transform3D(0.99895, 0.0457989, 0, -0.0457989, 0.99895, 0, 0, 0, 1, -1.64483, 0.604475, -7.34622)
puntuacion = 50
tamanoradio = 0.1

[node name="canica4" parent="." index="8" instance=ExtResource("5_u7r8h")]
transform = Transform3D(0.998621, 0.0524928, 0, -0.0524928, 0.998621, 0, 0, 0, 1, -0.842209, 0.762778, -9.9356)
tamanoradio = 0.25

[node name="canica5" parent="." index="9" instance=ExtResource("5_u7r8h")]
transform = Transform3D(1, 0, 0, 0, 1, 0, 0, 0, 1, 0.365317, 0.65, -9.27647)
puntuacion = 30
tamanoradio = 0.15

[editable path="Plataforma/comienzo"]
